# learner 风险打分 v1/v2 对比（2026-05-12）

- Run: `20260512_171653_config_dbscan_eps1p3_min10.yaml`
- 对比项：`risk_score`(v1, hard-accept) vs `risk_score_v2`(soft-loss benign prob)

## 相关性（attack_ratio）

| 范围 | 指标 | n | Pearson | Spearman |
|---|---|---:|---:|---:|
| all | risk_score | 29 | 0.271784 | 0.245338 |
| all | risk_score_v2 | 29 | 0.321567 | 0.343875 |
| all | benign_accept_rate | 29 | -0.338448 | -0.483015 |
| all | benign_prob_mean | 29 | -0.347128 | -0.419288 |
| all | own_exceed_rate | 28 | 0.027144 | -0.047227 |
| all | benign_margin_median | 29 | 0.267859 | -0.318222 |
| no_unknown | risk_score | 28 | 0.373943 | 0.269634 |
| no_unknown | risk_score_v2 | 28 | 0.397874 | 0.372874 |
| no_unknown | benign_accept_rate | 28 | -0.353335 | -0.498314 |
| no_unknown | benign_prob_mean | 28 | -0.362477 | -0.416564 |
| no_unknown | own_exceed_rate | 28 | 0.027144 | -0.047227 |
| no_unknown | benign_margin_median | 28 | 0.278221 | -0.326241 |

## Top 10（按 v1）

| learner | attack_ratio | risk_v1 | risk_v2 | benign_accept_rate | benign_prob_mean | own_exceed_rate |
|---|---:|---:|---:|---:|---:|---:|
| NEW_14 | 0.896637 | 1.000000 | 1.000000 | 0.000000 | 0.000001 | 1.000000 |
| UNKNOWN | 0.149556 | 1.000000 | 0.999998 | 0.000000 | 0.000003 | nan |
| NEW_1 | 0.319975 | 0.918184 | 0.940807 | 0.012181 | 0.013023 | 0.749613 |
| NEW_18 | 0.999145 | 0.875087 | 0.916725 | 0.000000 | 0.000000 | 0.583623 |
| NEW_4 | 0.966928 | 0.821687 | 0.879819 | 0.003613 | 0.003758 | 0.412249 |
| NEW_6 | 0.915494 | 0.807239 | 0.868609 | 0.001932 | 0.005132 | 0.362006 |
| NEW_12 | 0.984858 | 0.754821 | 0.836403 | 0.000072 | 0.000244 | 0.182870 |
| NEW_17 | 0.009542 | 0.753446 | 0.834171 | 0.005452 | 0.004942 | 0.188150 |
| NEW_16 | 0.998777 | 0.752257 | 0.834832 | 0.000000 | 0.000008 | 0.174189 |
| NEW_5 | 0.033801 | 0.748679 | 0.832430 | 0.000062 | 0.000065 | 0.162376 |

## Top 10（按 v2）

| learner | attack_ratio | risk_v1 | risk_v2 | benign_accept_rate | benign_prob_mean | own_exceed_rate |
|---|---:|---:|---:|---:|---:|---:|
| NEW_14 | 0.896637 | 1.000000 | 1.000000 | 0.000000 | 0.000001 | 1.000000 |
| UNKNOWN | 0.149556 | 1.000000 | 0.999998 | 0.000000 | 0.000003 | nan |
| NEW_1 | 0.319975 | 0.918184 | 0.940807 | 0.012181 | 0.013023 | 0.749613 |
| NEW_18 | 0.999145 | 0.875087 | 0.916725 | 0.000000 | 0.000000 | 0.583623 |
| NEW_4 | 0.966928 | 0.821687 | 0.879819 | 0.003613 | 0.003758 | 0.412249 |
| NEW_6 | 0.915494 | 0.807239 | 0.868609 | 0.001932 | 0.005132 | 0.362006 |
| NEW_12 | 0.984858 | 0.754821 | 0.836403 | 0.000072 | 0.000244 | 0.182870 |
| NEW_16 | 0.998777 | 0.752257 | 0.834832 | 0.000000 | 0.000008 | 0.174189 |
| NEW_17 | 0.009542 | 0.753446 | 0.834171 | 0.005452 | 0.004942 | 0.188150 |
| NEW_5 | 0.033801 | 0.748679 | 0.832430 | 0.000062 | 0.000065 | 0.162376 |
